  1     2
  3     6
  5    13
  7    22
  9    41
 11    63
 13    89
 15   115
 17   145
 19   192
 21   234
 23   294
 25   353
 27   427
 29   491
 31   574
 33   644
 35   740
 37   846
 39   944
 41  1053
 43  1146
 45  1256
 47  1383
 49  1528
 51  1653
 53  1805
 55  1914
 57  2072
 59  2244
 61  2406
 63  2579
 65  2722
 67  2882
 69  3069
 71  3282
 73  3467
 75  3687
 77  3836
 79  4054
 81  4290
 83  4516
 85  4753
 87  4946
 89  5156
 91  5403
 93  5684
 95  5929
 97  6217
 99  6406
101  6684
103  6984
105  7274
107  7575
109  7818
111  8078
113  8385
115  8734
117  9039
119  9395
121  9624
123  9962
125 10326
127 10680
129 11045
131 11338
133 11648
135 12015
137 12432
139 12797
141 13221
143 13490
145 13888
147 14316
149 14734
151 15163
153 15506
155 15866
157 16293
159 16778
161 17203
163 17695
165 18004
167 18462
169 18954
171 19436
173 19929
175 20322
177 20732
179 21219
181 21772
183 22257
185 22817
187 23166
189 23684
191 24240
193 24786
195 25343
197 25786
199 26246
201 26793
203 27414
205 27959
207 28587
209 28976
211 29554
213 30174
215 30784
217 31405
219 31898
