   1      4
   3     16
   5     34
   7     57
   9     86
  11    123
  13    164
  15    217
  17    275
  19    334
  21    401
  23    478
  25    572
  27    666
  29    756
  31    855
  33    967
  35   1082
  37   1205
  39   1341
  41   1490
  43   1638
  45   1775
  47   1922
  49   2087
  51   2251
  53   2429
  55   2613
  57   2806
  59   2997
  61   3202
  63   3463
  65   3726
  67   3994
  69   4236
  71   4474
  73   4726
  75   4972
  77   5240
  79   5522
  81   5796
  83   6061
  85   6364
  87   6656
  89   6948
  91   7251
  93   7553
  95   7868
  97   8206
  99   8549
 101   8914
 103   9252
 105   9594
 107   9974
 109  10349
 111  10727
 113  11099
 115  11484
 117  11864
 119  12247
 121  12654
 123  13087
 125  13520
 127  13947
 129  14373
 131  14797
 133  15246
 135  15715
 137  16196
 139  16677
 141  17155
 143  17621
 145  18092
 147  18586
 149  19074
 151  19584
 153  20102
 155  20640
 157  21153
 159  21676
 161  22227
 163  22793
 165  23348
 167  23898
 169  24464
 171  25038
 173  25605
 175  26177
 177  26758
 179  27374
 181  27995
 183  28618
 185  29230
 187  29860
 189  30473
 191  31128
 193  31871
 195  32679
 197  33472
 199  34268
 201  34949
 203  35625
 205  36299
 207  37021
 209  37740
 211  38455
 213  39166
 215  39880
 217  40614
 219  41328
 221  42074
 223  42827
 225  43572
 227  44352
 229  45131
 231  45946
 233  46710
 235  47468
 237  48283
 239  49100
 241  49897
 243  50685
 245  51525
 247  52349
 249  53201
 251  54033
 253  54892
 255  55804
 257  56682
 259  57564
 261  58392
 263  59258
 265  60150
 267  61088
 269  62035
 271  62952
 273  63857
 275  64784
 277  65731
 279  66673
 281  67600
 283  68543
 285  69486
 287  70506
 289  71466
 291  72410
 293  73405
 295  74425
 297  75396
 299  76401
 301  77417
 303  78442
 305  79458
 307  80421
 309  81448
 311  82521
 313  83577
 315  84659
 317  85763
 319  86832
 321  87895
 323  89012
 325  90335
 327  91672
