   1      4
   2      9
   3     16
   4     24
   5     34
   6     47
   7     57
   8     75
   9     86
  10    109
  11    123
  12    148
  13    164
  14    194
  15    217
  16    248
  17    275
  18    305
  19    334
  20    368
  21    401
  22    442
  23    478
  24    525
  25    572
  26    607
  27    666
  28    698
  29    756
  30    792
  31    855
  32    900
  33    967
  34   1012
  35   1082
  36   1130
  37   1205
  38   1261
  39   1341
  40   1397
  41   1490
  42   1540
  43   1638
  44   1689
  45   1775
  46   1832
  47   1922
  48   1992
  49   2087
  50   2161
  51   2251
  52   2330
  53   2429
  54   2501
  55   2613
  56   2688
  57   2806
  58   2873
  59   2997
  60   3074
  61   3202
  62   3324
  63   3463
  64   3591
  65   3726
  66   3856
  67   3994
  68   4128
  69   4236
  70   4369
  71   4474
  72   4615
  73   4726
  74   4855
  75   4972
  76   5125
  77   5240
  78   5396
  79   5522
  80   5670
  81   5796
  82   5943
  83   6061
  84   6223
  85   6364
  86   6519
  87   6656
  88   6806
  89   6948
  90   7103
  91   7251
  92   7410
  93   7553
  94   7721
  95   7868
  96   8052
  97   8206
  98   8386
  99   8549
 100   8739
 101   8914
 102   9079
 103   9252
 104   9413
 105   9594
 106   9776
 107   9974
 108  10144
 109  10349
 110  10506
 111  10727
 112  10871
 113  11099
 114  11261
 115  11484
 116  11646
 117  11864
 118  12050
 119  12247
 120  12447
 121  12654
 122  12862
 123  13087
 124  13306
 125  13520
 126  13736
 127  13947
 128  14171
 129  14373
 130  14583
 131  14797
 132  15018
 133  15246
 134  15470
 135  15715
 136  15948
 137  16196
 138  16433
 139  16677
 140  16906
 141  17155
 142  17377
 143  17621
 144  17861
 145  18092
 146  18361
 147  18586
 148  18861
 149  19074
 150  19354
 151  19584
 152  19859
 153  20102
 154  20369
 155  20640
 156  20926
 157  21153
 158  21453
 159  21676
 160  21970
 161  22227
 162  22517
 163  22793
 164  23083
 165  23348
 166  23626
 167  23898
 168  24190
 169  24464
 170  24766
 171  25038
 172  25353
 173  25605
 174  25935
 175  26177
 176  26485
 177  26758
 178  27072
 179  27374
 180  27691
 181  27995
 182  28301
 183  28618
 184  28931
 185  29230
 186  29575
 187  29860
 188  30206
 189  30473
 190  30833
 191  31128
 192  31494
 193  31871
 194  32286
 195  32679
 196  33086
 197  33472
 198  33878
 199  34268
 200  34610
 201  34949
 202  35282
 203  35625
 204  35972
 205  36299
 206  36649
 207  37021
 208  37349
 209  37740
 210  38092
 211  38455
 212  38798
 213  39166
 214  39503
 215  39880
 216  40251
 217  40614
 218  40983
 219  41328
 220  41711
 221  42074
 222  42452
 223  42827
 224  43189
 225  43572
 226  43936
 227  44352
 228  44730
 229  45131
 230  45524
 231  45946
 232  46351
 233  46710
 234  47115
 235  47468
 236  47877
 237  48283
 238  48717
 239  49100
 240  49539
 241  49897
 242  50366
 243  50685
 244  51168
 245  51525
 246  51994
 247  52349
 248  52803
 249  53201
 250  53608
 251  54033
 252  54458
 253  54892
 254  55352
 255  55804
 256  56241
 257  56682
 258  57111
 259  57564
 260  57971
 261  58392
 262  58819
 263  59258
 264  59709
 265  60150
 266  60632
 267  61088
 268  61571
 269  62035
 270  62505
 271  62952
 272  63427
 273  63857
 274  64320
 275  64784
 276  65216
 277  65731
 278  66150
 279  66673
 280  67069
 281  67600
 282  68026
 283  68543
 284  68988
 285  69486
 286  69981
 287  70506
 288  70925
 289  71466
 290  71880
 291  72410
 292  72888
 293  73405
 294  73912
 295  74425
 296  74910
 297  75396
 298  75892
 299  76401
 300  76893
 301  77417
 302  77905
 303  78442
 304  78896
 305  79458
 306  79891
 307  80421
 308  80910
 309  81448
 310  81982
 311  82521
 312  83055
 313  83577
 314  84132
 315  84659
 316  85185
 317  85763
 318  86258
 319  86832
 320  87299
 321  87895
 322  88408
 323  89012
 324  89644
 325  90335
 326  90993
 327  91672
